Model BGR

aB = 25.136645212479028
aG = -22.257801348895931
aR = 40.392922444468006

Model G-Only

cG = 27.843677970082545

Model Mr. Aul's Luminus

cL = 29.499892196993738
