% File generated by gRMS 2.1.9
% Wednesday November 07, 2001

% COLUMN_RHF_2
% ------------
% Output rhf_2m

% Time	COLUMN.REFL.X(,3)	COLUMN.REFL.X(,4)	COLUMN.REFL.X(,2)	COLUMN.COND.L
output_data = [
0	0.000617232	7.52783e-005	0.999299	0.0785984
0	0.000617232	7.52783e-005	0.999299	0.0785984
360	0.0524257	0.000340766	0.947198	0.0210809
720	0.16594	0.000721111	0.833315	0.0214588
1080	0.260779	0.00128356	0.737925	0.0213228
1135.87	0.273611	0.0013528	0.725024	0.0213454
1135.87	0.273611	0.0013528	0.725024	0.0213454
1440	0.489818	0.0101717	0.499989	0.089056
1800	0.621132	0.0245497	0.354305	0.0906657
2160	0.712192	0.042986	0.244814	0.0906073
2520	0.770594	0.0576584	0.171741	0.0907195
2880	0.802796	0.0672698	0.129927	0.0908629
3240	0.819065	0.0735889	0.107338	0.0909456
3600	0.826749	0.0780129	0.095229	0.0909715
3960	0.830121	0.0813324	0.0885372	0.0909645
4320	0.831435	0.083969	0.0845862	0.0909422
4680	0.831815	0.0861534	0.0820211	0.0909146
4949.59	0.831823	0.0875748	0.0805914	0.0908934
4949.59	0.831823	0.0875748	0.0805914	0.0908934
5009.59	0.828854	0.08715	0.0839842	0.181976
5009.59	0.828854	0.08715	0.0839842	0.181976
5040	0.82404	0.0862857	0.0896617	0.18255
5069.59	0.817413	0.0848095	0.0977661	0.185268
5069.59	0.817413	0.0848095	0.0977661	0.185268
5129.59	0.80049	0.0806263	0.118877	0.189719
5129.59	0.80049	0.0806263	0.118877	0.189719
5189.59	0.782558	0.0755368	0.141901	0.190157
5189.59	0.782558	0.0755368	0.141901	0.190157
5249.59	0.766229	0.0701796	0.163589	0.189517
5249.59	0.766229	0.0701796	0.163589	0.189517
5309.59	0.752091	0.0649303	0.182978	0.188668
5309.59	0.752091	0.0649303	0.182978	0.188668
5369.59	0.739961	0.0599243	0.200114	0.187826
5369.59	0.739961	0.0599243	0.200114	0.187826
5400	0.734472	0.0574963	0.208031	0.18743
5429.59	0.729496	0.0552087	0.215296	0.187067
5429.59	0.729496	0.0552087	0.215296	0.187067
5489.59	0.720322	0.0507943	0.228883	0.186954
5489.59	0.720322	0.0507943	0.228883	0.186954
5549.59	0.712147	0.0466748	0.241179	0.186342
5549.59	0.712147	0.0466748	0.241179	0.186342
5609.59	0.704749	0.0428339	0.252417	0.185776
5609.59	0.704749	0.0428339	0.252417	0.185776
5669.59	0.697979	0.0392529	0.262769	0.185255
5669.59	0.697979	0.0392529	0.262769	0.185255
5729.59	0.69429	0.0366571	0.269053	0.117091
5729.59	0.69429	0.0366571	0.269053	0.117091
5760	0.692455	0.0358476	0.271697	0.116061
5789.59	0.690827	0.0350323	0.274141	0.114942
5789.59	0.690827	0.0350323	0.274141	0.114942
5849.59	0.687985	0.0334775	0.278538	0.11312
5849.59	0.687985	0.0334775	0.278538	0.11312
5909.59	0.68585	0.0321123	0.282038	0.112203
5909.59	0.68585	0.0321123	0.282038	0.112203
5969.59	0.684478	0.0309615	0.284561	0.110836
5969.59	0.684478	0.0309615	0.284561	0.110836
6029.59	0.683845	0.0300266	0.286129	0.110753
6029.59	0.683845	0.0300266	0.286129	0.110753
6089.59	0.683918	0.0293051	0.286777	0.110845
6089.59	0.683918	0.0293051	0.286777	0.110845
6120	0.684207	0.0290186	0.286775	0.110931
6149.59	0.684623	0.0287851	0.286592	0.111031
6149.59	0.684623	0.0287851	0.286592	0.111031
6209.59	0.68585	0.0284466	0.285703	0.111263
6209.59	0.68585	0.0284466	0.285703	0.111263
6269.59	0.687506	0.0282726	0.284221	0.111505
6269.59	0.687506	0.0282726	0.284221	0.111505
6329.59	0.689498	0.0282414	0.282261	0.111737
6329.59	0.689498	0.0282414	0.282261	0.111737
6389.59	0.691478	0.0282285	0.280294	0.0993729
6389.59	0.691478	0.0282285	0.280294	0.0993729
6449.59	0.692972	0.0273868	0.279641	0.0989042
6449.59	0.692972	0.0273868	0.279641	0.0989042
6480	0.693996	0.0271685	0.278835	0.0987447
6509.59	0.695087	0.0270038	0.277909	0.0989148
6509.59	0.695087	0.0270038	0.277909	0.0989148
6569.59	0.697568	0.0267711	0.275661	0.0993136
6569.59	0.697568	0.0267711	0.275661	0.0993136
6629.59	0.700363	0.0266309	0.273006	0.099456
6629.59	0.700363	0.0266309	0.273006	0.099456
6689.59	0.703416	0.0265504	0.270034	0.0995237
6689.59	0.703416	0.0265504	0.270034	0.0995237
6749.59	0.706697	0.0265103	0.266793	0.0995753
6749.59	0.706697	0.0265103	0.266793	0.0995753
6809.59	0.710184	0.026496	0.26332	0.0996201
6809.59	0.710184	0.026496	0.26332	0.0996201
6840	0.712102	0.0265077	0.26139	0.103067
6869.59	0.714016	0.0265233	0.25946	0.10368
6869.59	0.714016	0.0265233	0.25946	0.10368
6929.59	0.717568	0.0265069	0.255925	0.103925
6929.59	0.717568	0.0265069	0.255925	0.103925
6989.59	0.720484	0.0264361	0.25308	0.104002
6989.59	0.720484	0.0264361	0.25308	0.104002
7049.59	0.722861	0.0263143	0.250824	0.103962
7049.59	0.722861	0.0263143	0.250824	0.103962
7109.59	0.72614	0.0265318	0.247328	0.104
7109.59	0.72614	0.0265318	0.247328	0.104
7169.59	0.728731	0.026526	0.244742	0.103721
7169.59	0.728731	0.026526	0.244742	0.103721
7200	0.729884	0.0264748	0.243641	0.103558
7229.59	0.730912	0.0264001	0.242688	0.103434
7229.59	0.730912	0.0264001	0.242688	0.103434
7289.59	0.732615	0.0261751	0.24121	0.100092
7289.59	0.732615	0.0261751	0.24121	0.100092
7349.59	0.734146	0.0259154	0.239939	0.0998826
7349.59	0.734146	0.0259154	0.239939	0.0998826
7409.59	0.735527	0.025624	0.238849	0.0996834
7409.59	0.735527	0.025624	0.238849	0.0996834
7469.59	0.736749	0.0253092	0.237941	0.0995605
7469.59	0.736749	0.0253092	0.237941	0.0995605
7529.59	0.73782	0.0249814	0.237199	0.0994814
7529.59	0.73782	0.0249814	0.237199	0.0994814
7560	0.738305	0.0248127	0.236882	0.0994516
7589.59	0.738744	0.0246481	0.236608	0.0994273
7589.59	0.738744	0.0246481	0.236608	0.0994273
7649.59	0.739457	0.0243152	0.236228	0.0931319
7649.59	0.739457	0.0243152	0.236228	0.0931319
7709.59	0.742123	0.0242506	0.233627	0.092883
7709.59	0.742123	0.0242506	0.233627	0.092883
7769.59	0.746281	0.0241923	0.229526	0.0927023
7769.59	0.746281	0.0241923	0.229526	0.0927023
7829.59	0.751835	0.024181	0.223983	0.0927232
7829.59	0.751835	0.024181	0.223983	0.0927232
7889.59	0.758393	0.0242419	0.217365	0.0929611
7889.59	0.758393	0.0242419	0.217365	0.0929611
7920	0.761998	0.0243044	0.213697	0.0931216
7949.59	0.765641	0.0243851	0.209973	0.0932908
7949.59	0.765641	0.0243851	0.209973	0.0932908
8009.59	0.774072	0.0246388	0.201287	0.099841
8009.59	0.774072	0.0246388	0.201287	0.099841
8069.59	0.782126	0.0249147	0.192956	0.100405
8069.59	0.782126	0.0249147	0.192956	0.100405
8129.59	0.789757	0.0252665	0.184973	0.101023
8129.59	0.789757	0.0252665	0.184973	0.101023
8189.59	0.797045	0.0256966	0.177254	0.101469
8189.59	0.797045	0.0256966	0.177254	0.101469
8249.59	0.80406	0.0261966	0.169738	0.103013
8249.59	0.80406	0.0261966	0.169738	0.103013
8280	0.804219	0.0262519	0.169524	0.103084
8309.59	0.805389	0.0264686	0.168137	0.10299
8309.59	0.805389	0.0264686	0.168137	0.10299
8369.59	0.808133	0.0270318	0.164831	0.103569
8369.59	0.808133	0.0270318	0.164831	0.103569
8429.59	0.810986	0.0276402	0.16137	0.104048
8429.59	0.810986	0.0276402	0.16137	0.104048
8489.59	0.81379	0.0282117	0.157995	0.104204
8489.59	0.81379	0.0282117	0.157995	0.104204
8549.59	0.816542	0.0287067	0.154749	0.104262
8549.59	0.816542	0.0287067	0.154749	0.104262
8609.59	0.819269	0.0291051	0.151623	0.104274
8609.59	0.819269	0.0291051	0.151623	0.104274
8640	0.820647	0.0292669	0.150084	0.10427
8669.59	0.821985	0.0293992	0.148614	0.104262
8669.59	0.821985	0.0293992	0.148614	0.104262
8729.59	0.824688	0.0295909	0.145719	0.104238
8729.59	0.824688	0.0295909	0.145719	0.104238
8789.59	0.827364	0.0296866	0.142948	0.103917
8789.59	0.827364	0.0296866	0.142948	0.103917
8849.59	0.830297	0.0296879	0.140013	0.107303
8849.59	0.830297	0.0296879	0.140013	0.107303
8909.59	0.832971	0.0296023	0.137425	0.107443
8909.59	0.832971	0.0296023	0.137425	0.107443
8969.59	0.835453	0.0294643	0.135081	0.107553
8969.59	0.835453	0.0294643	0.135081	0.107553
9000	0.837422	0.0293743	0.133201	0.107611
9029.59	0.839037	0.0292539	0.131707	0.107681
9029.59	0.839037	0.0292539	0.131707	0.107681
9089.59	0.842003	0.0289694	0.129025	0.10758
9089.59	0.842003	0.0289694	0.129025	0.10758
9149.59	0.84466	0.0286635	0.126675	0.10751
