% File generated by gRMS 2.1.9
% Wednesday November 07, 2001

% COLUMN_RHF_2
% ------------
% Input rhf_2

% Time	COLUMN.RESULTS_2(,1)	COLUMN.RESULTS_2(,2)	COLUMN.RESULTS_2(,3)
input_data = [
0	3000	0.5	0
0	1000	1	0.0449611
360	1000	1	0.0449611
720	1000	1	0.0449611
1080	1000	1	0.0449611
1135.87	1000	1	0.0449611
1135.87	3000	0.588516	0.035
1440	3000	0.588516	0.035
1800	3000	0.588516	0.035
2160	3000	0.588516	0.035
2520	3000	0.588516	0.035
2880	3000	0.588516	0.035
3240	3000	0.588516	0.035
3600	3000	0.588516	0.035
3960	3000	0.588516	0.035
4320	3000	0.588516	0.035
4680	3000	0.588516	0.035
4949.59	3000	0.588516	0.035
4949.59	5977.18	0.727229	0.037458
5009.59	5977.18	0.727229	0.037458
5009.59	5977.18	0.727229	0.037458
5040	5977.18	0.727229	0.037458
5069.59	5977.18	0.727229	0.037458
5069.59	5977.18	0.727229	0.037458
5129.59	5977.18	0.727229	0.037458
5129.59	5977.18	0.727229	0.037458
5189.59	5977.18	0.727229	0.037458
5189.59	5977.18	0.727229	0.037458
5249.59	5977.18	0.727229	0.037458
5249.59	5977.18	0.727229	0.037458
5309.59	5977.18	0.727229	0.037458
5309.59	5977.18	0.727229	0.037458
5369.59	5977.18	0.727229	0.037458
5369.59	5977.18	0.727229	0.037458
5400	5977.18	0.727229	0.037458
5429.59	5977.18	0.727229	0.037458
5429.59	5977.18	0.727229	0.035861
5489.59	5977.18	0.727229	0.035861
5489.59	5977.18	0.727229	0.035861
5549.59	5977.18	0.727229	0.035861
5549.59	5977.18	0.727229	0.035861
5609.59	5977.18	0.727229	0.035861
5609.59	5977.18	0.727229	0.035861
5669.59	5977.18	0.727229	0.035861
5669.59	3759.16	0.727229	0.035861
5729.59	3759.16	0.727229	0.035861
5729.59	3759.16	0.648165	0.035861
5760	3759.16	0.648165	0.035861
5789.59	3759.16	0.648165	0.035861
5789.59	3759.16	0.648165	0.035861
5849.59	3759.16	0.648165	0.035861
5849.59	3759.16	0.648165	0.035861
5909.59	3759.16	0.648165	0.035861
5909.59	3759.16	0.648165	0.039061
5969.59	3759.16	0.648165	0.039061
5969.59	3759.16	0.648165	0.039061
6029.59	3759.16	0.648165	0.039061
6029.59	3759.16	0.648165	0.039061
6089.59	3759.16	0.648165	0.039061
6089.59	3759.16	0.648165	0.039061
6120	3759.16	0.648165	0.039061
6149.59	3759.16	0.648165	0.039061
6149.59	3759.16	0.648165	0.039061
6209.59	3759.16	0.648165	0.039061
6209.59	3759.16	0.648165	0.039061
6269.59	3759.16	0.648165	0.039061
6269.59	3759.16	0.648165	0.039061
6329.59	3759.16	0.648165	0.039061
6329.59	3360.19	0.648165	0.040416
6389.59	3360.19	0.648165	0.040416
6389.59	3360.19	0.781096	0.040416
6449.59	3360.19	0.781096	0.040416
6449.59	3360.19	0.781096	0.040416
6480	3360.19	0.781096	0.040416
6509.59	3360.19	0.781096	0.040416
6509.59	3360.19	0.781096	0.040416
6569.59	3360.19	0.781096	0.040416
6569.59	3360.19	0.781096	0.040416
6629.59	3360.19	0.781096	0.040416
6629.59	3360.19	0.781096	0.040416
6689.59	3360.19	0.781096	0.040416
6689.59	3360.19	0.781096	0.040416
6749.59	3360.19	0.781096	0.040416
6749.59	3360.19	0.781096	0.040416
6809.59	3360.19	0.781096	0.040416
6809.59	3360.19	0.781096	0.027833
6840	3360.19	0.781096	0.027833
6869.59	3360.19	0.781096	0.027833
6869.59	3360.19	0.781096	0.027833
6929.59	3360.19	0.781096	0.027833
6929.59	3360.19	0.781096	0.027833
6989.59	3360.19	0.781096	0.027833
6989.59	3360.19	0.781096	0.027833
7049.59	3360.19	0.781096	0.027833
7049.59	3360.19	0.718628	0.027833
7109.59	3360.19	0.718628	0.027833
7109.59	3360.19	0.718628	0.027833
7169.59	3360.19	0.718628	0.027833
7169.59	3360.19	0.718628	0.027833
7200	3360.19	0.718628	0.027833
7229.59	3360.19	0.718628	0.027833
7229.59	3256.87	0.718628	0.027833
7289.59	3256.87	0.718628	0.027833
7289.59	3256.87	0.718628	0.027833
7349.59	3256.87	0.718628	0.027833
7349.59	3256.87	0.718628	0.027833
7409.59	3256.87	0.718628	0.027833
7409.59	3256.87	0.718628	0.027833
7469.59	3256.87	0.718628	0.027833
7469.59	3256.87	0.718628	0.027833
7529.59	3256.87	0.718628	0.027833
7529.59	3256.87	0.718628	0.027833
7560	3256.87	0.718628	0.027833
7589.59	3256.87	0.718628	0.027833
7589.59	3256.87	0.718628	0.047456
7649.59	3256.87	0.718628	0.047456
7649.59	3256.87	0.677952	0.047456
7709.59	3256.87	0.677952	0.047456
7709.59	3256.87	0.677952	0.047456
7769.59	3256.87	0.677952	0.047456
7769.59	3256.87	0.677952	0.047456
7829.59	3256.87	0.677952	0.047456
7829.59	3256.87	0.677952	0.047456
7889.59	3256.87	0.677952	0.047456
7889.59	3256.87	0.677952	0.047456
7920	3256.87	0.677952	0.047456
7949.59	3256.87	0.677952	0.047456
7949.59	3460.31	0.677952	0.047456
8009.59	3460.31	0.677952	0.047456
8009.59	3460.31	0.677952	0.047456
8069.59	3460.31	0.677952	0.047456
8069.59	3460.31	0.677952	0.047456
8129.59	3460.31	0.677952	0.047456
8129.59	3460.31	0.677952	0.047456
8189.59	3460.31	0.677952	0.047456
8189.59	3460.31	0.677952	0.043864
8249.59	3460.31	0.677952	0.043864
8249.59	3460.31	0.777827	0.043864
8280	3460.31	0.777827	0.043864
8309.59	3460.31	0.777827	0.043864
8309.59	3460.31	0.777827	0.043864
8369.59	3460.31	0.777827	0.043864
8369.59	3460.31	0.777827	0.043864
8429.59	3460.31	0.777827	0.043864
8429.59	3460.31	0.777827	0.043864
8489.59	3460.31	0.777827	0.043864
8489.59	3460.31	0.777827	0.043864
8549.59	3460.31	0.777827	0.043864
8549.59	3460.31	0.777827	0.043864
8609.59	3460.31	0.777827	0.043864
8609.59	3460.31	0.777827	0.043864
8640	3460.31	0.777827	0.043864
8669.59	3460.31	0.777827	0.043864
8669.59	3460.31	0.777827	0.043864
8729.59	3460.31	0.777827	0.043864
8729.59	3460.31	0.777827	0.044778
8789.59	3460.31	0.777827	0.044778
8789.59	3572.96	0.777827	0.044778
8849.59	3572.96	0.777827	0.044778
8849.59	3572.96	0.777827	0.044778
8909.59	3572.96	0.777827	0.044778
8909.59	3572.96	0.777827	0.044778
8969.59	3572.96	0.777827	0.044778
8969.59	3572.96	0.748524	0.044778
9000	3572.96	0.748524	0.044778
9029.59	3572.96	0.748524	0.044778
9029.59	3572.96	0.748524	0.044778
9089.59	3572.96	0.748524	0.044778
9089.59	3572.96	0.748524	0.044778
9149.59	3572.96	0.748524	0.044778
9149.59	3572.96	0.748524	0.044778
9209.59	3572.96	0.748524	0.044778
9209.59	3572.96	0.748524	0.044778
9269.59	3572.96	0.748524	0.044778
9269.59	3572.96	0.748524	0.044778
9329.59	3572.96	0.748524	0.044778
9329.59	3572.96	0.748524	0.044778
9360	3572.96	0.748524	0.044778
9389.59	3572.96	0.748524	0.044778
9389.59	3572.96	0.748524	0.044778
9449.59	3572.96	0.748524	0.044778
9449.59	3572.96	0.748524	0.044778
9509.59	3572.96	0.748524	0.044778
9509.59	3572.96	0.748524	0.044778
9569.59	3572.96	0.748524	0.044778
9569.59	3572.96	0.748524	0.044778
9629.59	3572.96	0.748524	0.044778
9629.59	3572.96	0.748524	0.044778
9689.59	3572.96	0.748524	0.044778
9689.59	3572.96	0.748524	0.045374
9720	3572.96	0.748524	0.045374
9749.59	3572.96	0.748524	0.045374
9749.59	3572.96	0.748524	0.045374
9809.59	3572.96	0.748524	0.045374
9809.59	3572.96	0.748524	0.045374
9869.59	3572.96	0.748524	0.045374
9869.59	3572.96	0.817928	0.045374
9929.59	3572.96	0.817928	0.045374
9929.59	3572.96	0.817928	0.045374
9989.59	3572.96	0.817928	0.045374
9989.59	3572.96	0.817928	0.045374
10049.6	3572.96	0.817928	0.045374
10049.6	3572.96	0.817928	0.045374
10080	3572.96	0.817928	0.045374
10109.6	3572.96	0.817928	0.045374
10109.6	3572.96	0.817928	0.04175
10169.6	3572.96	0.817928	0.04175
10169.6	3572.96	0.817928	0.04175
10229.6	3572.96	0.817928	0.04175
10229.6	4366.1	0.817928	0.04175
10289.6	4366.1	0.817928	0.04175
10289.6	4366.1	0.817928	0.04175
10349.6	4366.1	0.817928	0.04175
10349.6	4366.1	0.817928	0.04175
10409.6	4366.1	0.817928	0.04175
10409.6	4366.1	0.817928	0.04175
10440	4366.1	0.817928	0.04175
10469.6	4366.1	0.817928	0.04175
10469.6	4366.1	0.882737	0.04175
10529.6	4366.1	0.882737	0.04175
10529.6	4366.1	0.882737	0.04175
10589.6	4366.1	0.882737	0.04175
10589.6	4366.1	0.882737	0.04175
10649.6	4366.1	0.882737	0.04175
10649.6	4366.1	0.882737	0.04175
10709.6	4366.1	0.882737	0.04175
10709.6	4366.1	0.882737	0.030022
10769.6	4366.1	0.882737	0.030022
10769.6	4366.1	0.882737	0.030022
10800	4366.1	0.882737	0.030022
